facile  0.200000 13  10  20 18  39  20  20  2
facile  0.200000 13  10  20 18  39  20  18  39
facile  0.200000 14  10  5 11  28  5  13  0
diffcile  0.000000 14  10  5 16  59  5  17  6
facile  0.100000 14  10  14 7  13  14  7  40
facile  0.200000 14  10  14 15  14  14  15  52
facile  0.100000 14  10  14 22  25  14  42  1
facile  0.100000 14  10  14 43  51  14  45  49
facile  0.200000 14  10  14 46  19  14  50  20
facile  0.000000 14  10  15 0  20  15  0  24
facile  0.100000 14  10  15 1  12  15  1  30
facile  0.200000 14  10  19 51  4  19  51  36
facile  0.000000 14  10  19 53  50  19  53  56
intermediaire  0.000000 14  10  19 53  59  19  54  13
diffcile  0.000000 14  10  19 54  15  20  0  49
rems  facile  0.200000 16  10  8 56  40  8  58  9
rems  facile  0.100000 16  10  11 5  45  11  14  17
remi  facile  0.100000 16  10  11 46  58  11  47  56
remi  facile  0.100000 16  10  11 49  19  11  50  57
remi  intermediaire  0.200000 16  10  11 58  59  12  0  59
remi  diffcile  0.000000 16  10  12 13  10  12  13  43
remi  diffcile  0.000000 16  10  12 16  32  12  16  51
remi  diffcile  0.100000 16  10  12 17  28  12  19  50
remi  intermediaire  0.300000 16  10  12 22  16  12  23  23
remi  facile  0.200000 16  10  13 55  58  13  56  43
rems  facile  0.000000 16  10  13 56  59  13  58  29
